[gd_scene format=3 uid="uid://tdntr2t67q7i"]

[ext_resource type="Script" uid="uid://k6q4pmil5kdb" path="res://spine_animator.gd" id="1_3iju0"]
[ext_resource type="Script" uid="uid://clx114bwoqnoe" path="res://pelvis_root.gd" id="2_4by0n"]
[ext_resource type="Script" uid="uid://p3tqyfbo7s3x" path="res://gizmo_controllable.gd" id="2_7a6cg"]
[ext_resource type="PackedScene" uid="uid://cgwnew2a2dmj" path="res://gizmo.tscn" id="3_4by0n"]

[sub_resource type="ProceduralSkyMaterial" id="ProceduralSkyMaterial_7a6cg"]
sky_horizon_color = Color(0.66224277, 0.6717428, 0.6867428, 1)
ground_horizon_color = Color(0.66224277, 0.6717428, 0.6867428, 1)

[sub_resource type="Sky" id="Sky_4by0n"]
sky_material = SubResource("ProceduralSkyMaterial_7a6cg")

[sub_resource type="Environment" id="Environment_0by38"]
background_mode = 2
sky = SubResource("Sky_4by0n")
tonemap_mode = 2

[sub_resource type="TorusMesh" id="TorusMesh_7a6cg"]
inner_radius = 0.3
outer_radius = 0.32

[sub_resource type="StandardMaterial3D" id="StandardMaterial3D_4by0n"]

[sub_resource type="StandardMaterial3D" id="StandardMaterial3D_0by38"]

[sub_resource type="StandardMaterial3D" id="StandardMaterial3D_nmv5h"]

[sub_resource type="StandardMaterial3D" id="StandardMaterial3D_5jwhm"]
render_priority = 7
no_depth_test = true
shading_mode = 0
albedo_color = Color(1, 0, 1, 1)

[sub_resource type="SphereMesh" id="SphereMesh_4by0n"]
material = SubResource("StandardMaterial3D_5jwhm")
radius = 0.05
height = 0.1
is_hemisphere = true

[sub_resource type="MultiMesh" id="MultiMesh_0by38"]
transform_format = 1
instance_count = 6
mesh = SubResource("SphereMesh_4by0n")
buffer = PackedFloat32Array(1, 1.7763568e-14, 2.3841855e-07, -1.5279109e-15, 5.951867e-08, 0.9683389, -0.24963951, 0.92836714, -2.3086994e-07, 0.24963951, 0.9683389, -0.055199973, 1, 2.1316277e-14, 2.3841855e-07, 1.1760502e-15, 2.0247098e-08, 0.99638754, -0.08492258, 1.0757672, -2.3755727e-07, 0.08492259, 0.99638754, -0.017199958, 1, 3.2418506e-14, 2.3841855e-07, 6.2180765e-15, -5.8240825e-09, 0.9997016, 0.02442784, 1.2728796, -2.3834741e-07, -0.02442784, 0.9997016, -0.00039996207, 1, 3.9649016e-14, -8.420006e-14, 1.3359898e-14, -3.7303494e-14, 0.999617, 0.027676126, 1.4979653, 8.526513e-14, -0.027676124, 0.99961704, -0.0058999634, 0, 0, 0, 0, 0, 0, 0, 0, 0, 0, 0, 0, 0, 0, 0, 0, 0, 0, 0, 0, 0, 0, 0, 0)

[node name="SpineAnimator" type="Node3D" unique_id=96204510 node_paths=PackedStringArray("gizmo_controllables", "pelvis_root", "pelvis_final", "hip_pose", "chest_pose", "skeleton", "multi_mesh_instance_3d", "gizmo")]
script = ExtResource("1_3iju0")
rest_transforms = Array[Transform3D]([Transform3D(1, 1.7763568e-14, 2.3841858e-07, 5.951867e-08, 0.9683389, -0.24963954, -2.3086994e-07, 0.24963951, 0.968339, 0, 0.92836714, -0.05519998), Transform3D(1, 1.7763568e-14, 2.3841858e-07, 2.0247098e-08, 0.9963878, -0.08492264, -2.3755727e-07, 0.08492261, 0.9963878, 2.703961e-15, 1.0757672, -0.017199963), Transform3D(1, 1.7763568e-14, 2.3841858e-07, -5.8240825e-09, 0.99970186, 0.024427816, -2.3834741e-07, -0.024427846, 0.99970186, 6.2180765e-15, 1.2728796, -0.00039996207), Transform3D(1, 1.7763568e-14, 0, -3.7303494e-14, 0.99961734, 0.027676096, 8.526513e-14, -0.027676133, 0.99961716, 1.0217597e-14, 1.4979655, -0.005899965)])
current_transforms = Array[Transform3D]([Transform3D(1, 1.7763568e-14, 2.3841855e-07, 5.951867e-08, 0.9683389, -0.24963951, -2.3086994e-07, 0.24963951, 0.9683389, -1.5279109e-15, 0.92836714, -0.055199973), Transform3D(1, 2.1316277e-14, 2.3841855e-07, 2.0247098e-08, 0.99638754, -0.08492258, -2.3755727e-07, 0.08492259, 0.99638754, 1.1760502e-15, 1.0757672, -0.017199958), Transform3D(1, 3.2418506e-14, 2.3841855e-07, -5.8240825e-09, 0.9997016, 0.02442784, -2.3834741e-07, -0.02442784, 0.9997016, 6.2180765e-15, 1.2728796, -0.00039996207), Transform3D(1, 3.9649016e-14, -8.420006e-14, -3.7303494e-14, 0.999617, 0.027676126, 8.526513e-14, -0.027676124, 0.99961704, 1.3359898e-14, 1.4979653, -0.0058999634)])
gizmo_controllables = [NodePath("PelvisRoot/GizmoControllable"), NodePath("PelvisRoot/HipPose/GizmoControllable"), NodePath("PelvisRoot/ChestPose/GizmoControllable")]
pelvis_root = NodePath("PelvisRoot")
pelvis_final = NodePath("PelvisRoot/HipPose/PelvisFinal")
hip_pose = NodePath("PelvisRoot/HipPose")
chest_pose = NodePath("PelvisRoot/ChestPose")
skeleton = NodePath("Skeleton3D")
multi_mesh_instance_3d = NodePath("MultiMeshInstance3D")
return_early = false
gizmo = NodePath("Gizmo")

[node name="WorldEnvironment" type="WorldEnvironment" parent="." unique_id=1643801525]
environment = SubResource("Environment_0by38")

[node name="DirectionalLight3D" type="DirectionalLight3D" parent="." unique_id=1255246809]
transform = Transform3D(-0.8660254, -0.43301278, 0.25, 0, 0.49999997, 0.86602545, -0.50000006, 0.75, -0.43301266, 0, 0, 0)
shadow_enabled = true

[node name="PelvisRoot" type="Marker3D" parent="." unique_id=314184583]
transform = Transform3D(1, 0, 0, 0, 1, 0, 0, 0, 1, 0, 0.92836714, -0.05519998)
script = ExtResource("2_4by0n")

[node name="GizmoControllable" type="Node" parent="PelvisRoot" unique_id=1269689715 node_paths=PackedStringArray("gizmo")]
script = ExtResource("2_7a6cg")
grabbable = true
gizmo = NodePath("../../Gizmo")
metadata/_custom_type_script = "uid://p3tqyfbo7s3x"

[node name="HipPose" type="Marker3D" parent="PelvisRoot" unique_id=595876309]
transform = Transform3D(1.0001383, 0, 0, 0, 1.0001383, 0, 0, 0, 1, 6.2180765e-15, 0.34451246, 0.05480002)

[node name="MeshInstance3D" type="MeshInstance3D" parent="PelvisRoot/HipPose" unique_id=1550418672]
mesh = SubResource("TorusMesh_7a6cg")
surface_material_override/0 = SubResource("StandardMaterial3D_4by0n")

[node name="PelvisFinal" type="Marker3D" parent="PelvisRoot/HipPose" unique_id=553703623]
transform = Transform3D(1.000096, -3.0696392e-06, 9.947598e-14, 1.7282957e-06, 1.0001137, -5.9603616e-07, 3.9790393e-13, -2.1606684e-07, 1.0000031, -7.744916e-15, -0.34446478, -0.05480001)

[node name="MeshInstance3D2" type="MeshInstance3D" parent="PelvisRoot/HipPose/PelvisFinal" unique_id=1532392105]
mesh = SubResource("TorusMesh_7a6cg")
surface_material_override/0 = SubResource("StandardMaterial3D_0by38")

[node name="GizmoControllable" type="Node" parent="PelvisRoot/HipPose" unique_id=970852842 node_paths=PackedStringArray("gizmo")]
script = ExtResource("2_7a6cg")
gizmo = NodePath("../../../Gizmo")
metadata/_custom_type_script = "uid://p3tqyfbo7s3x"

[node name="ChestPose" type="Marker3D" parent="PelvisRoot" unique_id=233697258]
transform = Transform3D(1.0001522, 0, 0, 0, 1.0001522, 0, 0, 0, 1, 1.3359898e-14, 0.5695982, 0.04930002)

[node name="GizmoControllable" type="Node" parent="PelvisRoot/ChestPose" unique_id=1123682629 node_paths=PackedStringArray("gizmo")]
script = ExtResource("2_7a6cg")
gizmo = NodePath("../../../Gizmo")
metadata/_custom_type_script = "uid://p3tqyfbo7s3x"

[node name="MeshInstance3D" type="MeshInstance3D" parent="PelvisRoot/ChestPose" unique_id=498854434]
mesh = SubResource("TorusMesh_7a6cg")
surface_material_override/0 = SubResource("StandardMaterial3D_nmv5h")

[node name="Gizmo" parent="." unique_id=1587937112 node_paths=PackedStringArray("axis_meshes") instance=ExtResource("3_4by0n")]
visible = false
axis_meshes = {
0: NodePath("XRotMesh"),
1: NodePath("Scaler/YRotMesh"),
2: NodePath("Scaler/ZRotMesh"),
3: NodePath("Scaler/XPlane/XPlaneCube"),
4: NodePath("Scaler/YPlane/YPlaneCube"),
5: NodePath("Scaler/ZPlane/ZPlaneCube"),
6: NodePath("Scaler/SuperMesh")
}

[node name="MultiMeshInstance3D" type="MultiMeshInstance3D" parent="." unique_id=1531379649]
multimesh = SubResource("MultiMesh_0by38")

[node name="Skeleton3D" type="Skeleton3D" parent="." unique_id=1955628591]
visible = false
bones/0/name = "root"
bones/0/parent = -1
bones/0/rest = Transform3D(1, 0, 0, 0, 0, 1, 0, -1, 0, 0, 0, 0)
bones/0/enabled = true
bones/0/position = Vector3(0, 0, 0)
bones/0/rotation = Quaternion(-0.70710677, 0, 0, 0.70710677)
bones/0/scale = Vector3(1, 1, 1)
bones/1/name = "spine"
bones/1/parent = 0
bones/1/rest = Transform3D(1, 1.7763568e-14, 2.3841858e-07, 2.3086994e-07, -0.24963951, -0.968339, 5.951867e-08, 0.9683389, -0.24963954, 0, 0.05519998, 0.92836714)
bones/1/enabled = true
bones/1/position = Vector3(0, 0.05519998, 0.92836714)
bones/1/rotation = Quaternion(0.79045546, 7.301803e-08, 9.422961e-08, 0.61251956)
bones/1/scale = Vector3(1, 1, 1.0000001)
bones/2/name = "spine.001"
bones/2/parent = 1
bones/2/rest = Transform3D(1, 3.969761e-08, 3.3281324e-09, -3.9697607e-08, 0.98604095, 0.16650383, 3.3281293e-09, -0.16650385, 0.98604083, -5.7731597e-15, 0.15221947, 2.4214387e-08)
bones/2/enabled = true
bones/2/position = Vector3(-5.7731597e-15, 0.15221947, 2.4214387e-08)
bones/2/rotation = Quaternion(-0.08354398, 7.7988256e-16, -1.9918437e-08, 0.99650407)
bones/2/scale = Vector3(1, 1.0000001, 1)
bones/3/name = "spine.002"
bones/3/parent = 2
bones/3/rest = Transform3D(1, 2.6044095e-08, 1.4267616e-09, -2.6044095e-08, 0.99401575, 0.10923685, 1.4267514e-09, -0.10923685, 0.99401575, -1.6722734e-15, 0.1978271, 7.014023e-09)
bones/3/enabled = true
bones/3/position = Vector3(-1.6722734e-15, 0.1978271, 7.014023e-09)
bones/3/rotation = Quaternion(-0.054700322, 2.5573418e-15, -1.3041573e-08, 0.9985028)
bones/3/scale = Vector3(1, 1, 1)
bones/4/name = "spine.003"
bones/4/parent = 3
bones/4/rest = Transform3D(1, 7.747127e-10, -2.3841731e-07, 0, 0.9999949, 0.0032493798, 2.3841858e-07, -0.0032493805, 0.9999947, 1.110223e-16, 0.22515297, -4.656613e-10)
bones/4/enabled = true
bones/4/position = Vector3(1.110223e-16, 0.22515297, -4.656613e-10)
bones/4/rotation = Quaternion(-0.0016246921, -1.1920913e-07, -1.9367839e-10, 0.9999987)
bones/4/scale = Vector3(1, 1.0000001, 0.99999994)
bones/5/name = "spine.004"
bones/5/parent = 4
bones/5/rest = Transform3D(1, -2.5695665e-21, 2.616186e-22, 2.5391006e-21, 0.95944107, -0.2819092, 4.733768e-22, 0.2819092, 0.95944107, 0, 0.1987272, -1.8626451e-09)
bones/5/enabled = true
bones/5/position = Vector3(0, 0.1987272, -1.8626451e-09)
bones/5/rotation = Quaternion(0.14240597, -5.3484624e-23, 1.2903173e-21, 0.9898084)
bones/5/scale = Vector3(1, 0.99999994, 0.99999994)
bones/6/name = "spine.005"
bones/6/parent = 5
bones/6/rest = Transform3D(1, 8.881783e-16, 2.384184e-07, -1.6771832e-08, 0.99752253, 0.07034622, -2.3782773e-07, -0.070346214, 0.99752265, 0, 0.09559336, -2.7939677e-09)
bones/6/enabled = true
bones/6/position = Vector3(0, 0.09559336, -2.7939677e-09)
bones/6/rotation = Quaternion(-0.035194915, 1.19135336e-07, -4.195557e-09, 0.99938047)
bones/6/scale = Vector3(1, 0.9999999, 1)
bones/7/name = "spine.006"
bones/7/parent = 6
bones/7/rest = Transform3D(1, 4.448867e-08, 4.1877097e-09, -4.4488704e-08, 0.98243606, 0.18659917, 4.187392e-09, -0.18659915, 0.9824361, 4.856891e-10, 0.07342662, -0.0020371396)
bones/7/enabled = true
bones/7/position = Vector3(4.856891e-10, 0.07342662, -0.0020371396)
bones/7/rotation = Quaternion(-0.09371197, 7.9731814e-14, -2.2342665e-08, 0.9955994)
bones/7/scale = Vector3(1, 0.99999994, 1)
bones/8/name = "face"
bones/8/parent = 7
bones/8/rest = Transform3D(1, -1.482307e-21, -2.3841855e-07, -2.1175874e-22, 1, -7.1054274e-15, 2.3841855e-07, 7.1054274e-15, 1, 2.7755576e-16, 4.0486463e-09, -1.8626451e-09)
bones/8/enabled = true
bones/8/position = Vector3(2.7755576e-16, 4.0486463e-09, -1.8626451e-09)
bones/8/rotation = Quaternion(3.5527137e-15, -1.19209275e-07, 3.1763705e-22, 1)
bones/8/scale = Vector3(1, 1, 1)
bones/9/name = "nose"
bones/9/parent = 8
bones/9/rest = Transform3D(1, -1.7284132e-14, 2.2562196e-14, 5.9292306e-21, -0.79383636, -0.6081315, 2.8421713e-14, 0.60813147, -0.7938365, -3.663558e-15, 0.110164665, 0.12889999)
bones/9/enabled = true
bones/9/position = Vector3(-3.663558e-15, 0.110164665, 0.12889999)
bones/9/rotation = Quaternion(0.94705766, -4.5625857e-15, 1.34585006e-14, 0.32106358)
bones/9/scale = Vector3(1, 1, 1.0000001)
bones/10/name = "nose.001"
bones/10/parent = 9
bones/10/rest = Transform3D(1, -1.4353578e-21, -1.7629658e-21, 1.6075295e-21, 0.9947948, 0.10189812, 1.607529e-21, -0.10189811, 0.99479485, -1.09016286e-23, 0.049002536, 1.3411045e-07)
bones/10/enabled = true
bones/10/position = Vector3(-1.09016286e-23, 0.049002536, 1.3411045e-07)
bones/10/rotation = Quaternion(-0.051015485, -8.437223e-22, 7.6171364e-22, 0.9986979)
bones/10/scale = Vector3(1, 0.99999994, 1)
bones/11/name = "nose.004"
bones/11/parent = 8
bones/11/rest = Transform3D(1, -9.8587805e-14, 2.3842296e-07, -2.2173186e-08, -0.995666, 0.09300241, 2.3738524e-07, -0.09300068, -0.9956845, -4.146727e-15, 0.05166474, 0.14589998)
bones/11/enabled = true
bones/11/position = Vector3(-4.146727e-15, 0.05166474, 0.14589998)
bones/11/rotation = Quaternion(0.9989159, -5.5493374e-09, 1.1908005e-07, -0.04655081)
bones/11/scale = Vector3(1, 0.99999994, 1.0000185)
bones/12/name = "ear.L"
bones/12/parent = 8
bones/12/rest = Transform3D(0.96105874, 0.1741024, -0.21460302, -0.18438403, 0.98243505, -0.028702103, 0.20583646, 0.067153774, 0.97627944, 0.0919, 0.0745647, 0.006199997)
bones/12/enabled = true
bones/12/position = Vector3(0.0919, 0.0745647, 0.006199997)
bones/12/rotation = Quaternion(0.024207965, -0.10618009, -0.09053413, 0.98992085)
bones/12/scale = Vector3(1, 0.99999994, 0.9999999)
bones/13/name = "ear.L.001"
bones/13/parent = 12
bones/13/rest = Transform3D(0.85162705, 0.42722487, 0.30366126, -0.42722484, 0.23015112, 0.87436223, 0.30366132, -0.8743623, 0.37852398, 7.450581e-09, 0.040206075, 9.313226e-09)
bones/13/enabled = true
bones/13/position = Vector3(7.450581e-09, 0.040206075, 9.313226e-09)
bones/13/rotation = Quaternion(-0.5574388, -1.90001e-08, -0.2723719, 0.78426754)
bones/13/scale = Vector3(0.99999994, 1, 0.99999994)
bones/14/name = "ear.L.002"
bones/14/parent = 12
bones/14/rest = Transform3D(0.37483, 0.20651215, 0.90380085, 0.13443334, -0.9766787, 0.16741139, 0.91729677, 0.058750056, -0.3938501, 0.014122605, 0.047814194, -0.028903447)
bones/14/enabled = true
bones/14/position = Vector3(0.014122605, 0.047814194, -0.028903447)
bones/14/rotation = Quaternion(0.8284561, 0.102885745, 0.54954505, -0.0327903)
bones/14/scale = Vector3(1.0000015, 1, 1.0000002)
bones/15/name = "ear.L.003"
bones/15/parent = 14
bones/15/rest = Transform3D(0.86870724, 0.4679447, 0.16240558, -0.46794486, 0.6678168, 0.57883364, 0.16240492, -0.5788339, 0.7991095, -4.656613e-09, 0.037927005, 2.910383e-09)
bones/15/enabled = true
bones/15/position = Vector3(-4.656613e-09, 0.037927005, 2.910383e-09)
bones/15/rotation = Quaternion(-0.31693098, 1.7949553e-07, -0.2562155, 0.91318583)
bones/15/scale = Vector3(1, 1.0000001, 1)
bones/16/name = "ear.L.004"
bones/16/parent = 12
bones/16/rest = Transform3D(0.6683236, -0.5926474, -0.44956934, 0.56002164, 0.7986499, -0.22030431, 0.4896113, -0.10453402, 0.86565197, 0.013215501, -0.017809192, 0.0023310203)
bones/16/enabled = true
bones/16/position = Vector3(0.013215501, -0.017809192, 0.0023310203)
bones/16/rotation = Quaternion(0.03170838, -0.25723258, 0.31570497, 0.91277397)
bones/16/scale = Vector3(0.9999999, 1, 0.99999994)
bones/17/name = "ear.R"
bones/17/parent = 8
bones/17/rest = Transform3D(0.96105874, -0.1741024, 0.21460302, 0.18438403, 0.98243505, -0.028702103, -0.20583646, 0.067153774, 0.97627944, -0.0919, 0.0745647, 0.006199997)
bones/17/enabled = true
bones/17/position = Vector3(-0.0919, 0.0745647, 0.006199997)
bones/17/rotation = Quaternion(0.024207965, 0.10618009, 0.09053413, 0.98992085)
bones/17/scale = Vector3(1, 0.99999994, 0.9999999)
bones/18/name = "ear.R.001"
bones/18/parent = 17
bones/18/rest = Transform3D(0.85162705, -0.42722487, -0.30366126, 0.42722484, 0.23015112, 0.87436223, -0.30366132, -0.8743623, 0.37852398, -7.450581e-09, 0.040206075, 9.313226e-09)
bones/18/enabled = true
bones/18/position = Vector3(-7.450581e-09, 0.040206075, 9.313226e-09)
bones/18/rotation = Quaternion(-0.5574388, 1.90001e-08, 0.2723719, 0.78426754)
bones/18/scale = Vector3(0.99999994, 1, 0.99999994)
bones/19/name = "ear.R.002"
bones/19/parent = 17
bones/19/rest = Transform3D(0.37483, -0.20651215, -0.90380085, -0.13443334, -0.9766787, 0.16741139, -0.91729677, 0.058750056, -0.3938501, -0.014122605, 0.047814194, -0.028903447)
bones/19/enabled = true
bones/19/position = Vector3(-0.014122605, 0.047814194, -0.028903447)
bones/19/rotation = Quaternion(0.8284561, -0.102885745, -0.54954505, -0.0327903)
bones/19/scale = Vector3(1.0000015, 1, 1.0000002)
bones/20/name = "ear.R.003"
bones/20/parent = 19
bones/20/rest = Transform3D(0.86870724, -0.4679447, -0.16240558, 0.46794486, 0.6678168, 0.57883364, -0.16240492, -0.5788339, 0.7991095, 4.656613e-09, 0.037927005, 2.910383e-09)
bones/20/enabled = true
bones/20/position = Vector3(4.656613e-09, 0.037927005, 2.910383e-09)
bones/20/rotation = Quaternion(-0.31693098, -1.7949553e-07, 0.2562155, 0.91318583)
bones/20/scale = Vector3(1, 1.0000001, 1)
bones/21/name = "ear.R.004"
bones/21/parent = 17
bones/21/rest = Transform3D(0.6683236, 0.5926474, 0.44956934, -0.56002164, 0.7986499, -0.22030431, -0.4896113, -0.10453402, 0.86565197, -0.013215501, -0.017809192, 0.0023310203)
bones/21/enabled = true
bones/21/position = Vector3(-0.013215501, -0.017809192, 0.0023310203)
bones/21/rotation = Quaternion(0.03170838, 0.25723258, -0.31570497, 0.91277397)
bones/21/scale = Vector3(0.9999999, 1, 0.99999994)
bones/22/name = "brow.B.L"
bones/22/parent = 8
bones/22/rest = Transform3D(-0.23109676, -0.5678031, 0.7900595, 0.7789784, 0.37853602, 0.4999032, -0.5829125, 0.7309653, 0.35482788, 0.0791, 0.11436465, 0.098999985)
bones/22/enabled = true
bones/22/position = Vector3(0.0791, 0.11436465, 0.098999985)
bones/22/rotation = Quaternion(0.09425951, 0.56009036, 0.54940623, 0.61283505)
bones/22/scale = Vector3(1, 1, 1)
bones/23/name = "brow.B.L.001"
bones/23/parent = 22
bones/23/rest = Transform3D(0.999539, -0.029595066, -0.006776388, 0.029595155, 0.8999364, 0.4350157, -0.0067760004, -0.4350157, 0.90039736, -1.6577542e-07, 0.015322167, -5.2154064e-08)
bones/23/enabled = true
bones/23/position = Vector3(-1.6577542e-07, 0.015322167, -5.2154064e-08)
bones/23/rotation = Quaternion(-0.2231621, -9.949486e-08, 0.015182227, 0.9746631)
bones/23/scale = Vector3(1, 1, 1)
bones/24/name = "brow.B.L.002"
bones/24/parent = 23
bones/24/rest = Transform3D(0.9823314, 0.17848179, 0.05629414, -0.17848206, 0.8029736, 0.5686628, 0.056293253, -0.56866306, 0.82064193, 4.377216e-08, 0.0149793215, -7.4505806e-08)
bones/24/enabled = true
bones/24/position = Vector3(4.377216e-08, 0.0149793215, -7.4505806e-08)
bones/24/rotation = Quaternion(-0.29946443, 2.3541367e-07, -0.09399063, 0.9494666)
bones/24/scale = Vector3(0.9999999, 1, 0.9999998)
bones/25/name = "brow.B.L.003"
bones/25/parent = 24
bones/25/rest = Transform3D(0.9400709, -0.33568063, -0.059874266, 0.33568078, 0.880252, 0.3353723, -0.05987355, -0.3353724, 0.9401811, -7.986091e-08, 0.01907302, 1.527369e-07)
bones/25/enabled = true
bones/25/position = Vector3(-7.986091e-08, 0.01907302, 1.527369e-07)
bones/25/rotation = Quaternion(-0.1729435, -1.8345959e-07, 0.17310251, 0.969601)
bones/25/scale = Vector3(0.9999999, 0.9999998, 0.99999994)
bones/26/name = "brow.B.R"
bones/26/parent = 8
bones/26/rest = Transform3D(-0.23109676, 0.5678031, -0.7900595, -0.7789784, 0.37853602, 0.4999032, 0.5829125, 0.7309653, 0.35482788, -0.0791, 0.11436465, 0.098999985)
bones/26/enabled = true
bones/26/position = Vector3(-0.0791, 0.11436465, 0.098999985)
bones/26/rotation = Quaternion(0.09425951, -0.56009036, -0.54940623, 0.61283505)
bones/26/scale = Vector3(1, 1, 1)
bones/27/name = "brow.B.R.001"
bones/27/parent = 26
bones/27/rest = Transform3D(0.999539, 0.029595066, 0.006776388, -0.029595155, 0.8999364, 0.4350157, 0.0067760004, -0.4350157, 0.90039736, 1.6577542e-07, 0.015322167, -5.2154064e-08)
bones/27/enabled = true
bones/27/position = Vector3(1.6577542e-07, 0.015322167, -5.2154064e-08)
bones/27/rotation = Quaternion(-0.2231621, 9.949486e-08, -0.015182227, 0.9746631)
bones/27/scale = Vector3(1, 1, 1)
bones/28/name = "brow.B.R.002"
bones/28/parent = 27
bones/28/rest = Transform3D(0.9823314, -0.17848179, -0.05629414, 0.17848206, 0.8029736, 0.5686628, -0.056293253, -0.56866306, 0.82064193, -4.377216e-08, 0.0149793215, -7.4505806e-08)
bones/28/enabled = true
bones/28/position = Vector3(-4.377216e-08, 0.0149793215, -7.4505806e-08)
bones/28/rotation = Quaternion(-0.29946443, -2.3541367e-07, 0.09399063, 0.9494666)
bones/28/scale = Vector3(0.9999999, 1, 0.9999998)
bones/29/name = "brow.B.R.003"
bones/29/parent = 28
bones/29/rest = Transform3D(0.9400709, 0.33568063, 0.059874266, -0.33568078, 0.880252, 0.3353723, 0.05987355, -0.3353724, 0.9401811, 7.986091e-08, 0.01907302, 1.527369e-07)
bones/29/enabled = true
bones/29/position = Vector3(7.986091e-08, 0.01907302, 1.527369e-07)
bones/29/rotation = Quaternion(-0.1729435, 1.8345959e-07, -0.17310251, 0.969601)
bones/29/scale = Vector3(0.9999999, 0.9999998, 0.99999994)
bones/30/name = "forehead.L"
bones/30/parent = 8
bones/30/rest = Transform3D(0.024978459, 0.07783194, 0.99665165, 0.36879066, -0.9273627, 0.06317794, 0.9291766, 0.3659784, -0.051867705, 0.0168, 0.18276455, 0.107799985)
bones/30/enabled = true
bones/30/position = Vector3(0.0168, 0.18276455, 0.107799985)
bones/30/rotation = Quaternion(0.70785046, 0.15773907, 0.6801685, 0.106943645)
bones/30/scale = Vector3(0.9999998, 0.99999976, 0.9999981)
bones/31/name = "forehead.L.001"
bones/31/parent = 8
bones/31/rest = Transform3D(0.26143837, 0.19152522, 0.9460277, 0.47197413, -0.8803163, 0.047789898, 0.8419563, 0.43400654, -0.32054338, 0.0479, 0.18796493, 0.09269998)
bones/31/enabled = true
bones/31/position = Vector3(0.0479, 0.18796493, 0.09269998)
bones/31/rotation = Quaternion(0.78458554, 0.21141714, 0.5697224, 0.12306387)
bones/31/scale = Vector3(1, 1.0000001, 1.0000001)
bones/32/name = "forehead.L.002"
bones/32/parent = 8
bones/32/rest = Transform3D(0.729295, 0.17713849, 0.6608701, 0.41494688, -0.8825059, -0.22136371, 0.5440104, 0.43566602, -0.7171097, 0.0719, 0.18406488, 0.06929999)
bones/32/enabled = true
bones/32/position = Vector3(0.0719, 0.18406488, 0.06929999)
bones/32/rotation = Quaternion(0.9122653, 0.16225694, 0.33018947, 0.18005456)
bones/32/scale = Vector3(0.9999997, 0.99999976, 0.9999987)
bones/33/name = "temple.L"
bones/33/parent = 8
bones/33/rest = Transform3D(0.9975075, 0.06732013, -0.021438291, 0.066496335, -0.99709713, -0.037083246, -0.023872625, 0.03556495, -0.9990839, 0.0873, 0.16466476, 0.034999993)
bones/33/enabled = true
bones/33/position = Vector3(0.0873, 0.16466476, 0.034999993)
bones/33/rotation = Quaternion(0.99920976, 0.033480473, -0.01133664, 0.018176397)
bones/33/scale = Vector3(1.0000064, 0.99999976, 1.0000017)
bones/34/name = "cheek.B.L"
bones/34/parent = 8
bones/34/rest = Transform3D(0.63368183, 0.74423635, -0.21109143, -0.16234192, 0.39472938, 0.90434164, 0.7563679, -0.5387959, 0.37095356, 0.0352, 0.022633458, 0.12469999)
bones/34/enabled = true
bones/34/position = Vector3(0.0352, 0.022633458, 0.12469999)
bones/34/rotation = Quaternion(-0.46583232, -0.31228754, -0.29263562, 0.7744942)
bones/34/scale = Vector3(1, 1, 0.99999994)
bones/35/name = "cheek.B.L.001"
bones/35/parent = 34
bones/35/rest = Transform3D(0.9249306, -0.3596638, 0.123066664, 0.35751107, 0.7130103, -0.60316014, 0.12918708, 0.601879, 0.7880688, -6.3329935e-08, 0.051596507, -1.2293458e-07)
bones/35/enabled = true
bones/35/position = Vector3(-6.3329935e-08, 0.051596507, -1.2293458e-07)
bones/35/rotation = Quaternion(0.32551938, -0.0016533143, 0.19373174, 0.92547417)
bones/35/scale = Vector3(1, 1, 0.99999994)
bones/36/name = "brow.T.L"
bones/36/parent = 8
bones/36/rest = Transform3D(0.7882614, -0.04481987, -0.613706, -0.39210153, 0.732057, -0.5570895, 0.47423655, 0.6797672, 0.5594784, 0.0848, 0.09936465, 0.06929999)
bones/36/enabled = true
bones/36/position = Vector3(0.0848, 0.09936465, 0.06929999)
bones/36/rotation = Quaternion(0.35239393, -0.30996662, -0.0989443, 0.8774675)
bones/36/scale = Vector3(1, 0.9999998, 0.99999994)
bones/37/name = "brow.T.L.001"
bones/37/parent = 8
bones/37/rest = Transform3D(0.60860884, -0.7292957, -0.3126072, -0.15856521, 0.2742416, -0.94849813, 0.7774654, 0.62683296, 0.05126493, 0.083, 0.12876464, 0.09659999)
bones/37/enabled = true
bones/37/position = Vector3(0.083, 0.12876464, 0.09659999)
bones/37/rotation = Quaternion(0.56637055, -0.3919081, 0.20519173, 0.6953624)
bones/37/scale = Vector3(1, 1, 1)
bones/38/name = "brow.T.L.002"
bones/38/parent = 37
bones/38/rest = Transform3D(0.95771384, -0.27456313, 0.086019434, 0.27456325, 0.78273207, -0.55852085, 0.08601908, 0.558521, 0.82501817, 5.5879354e-08, 0.03318272, -9.080395e-08)
bones/38/enabled = true
bones/38/position = Vector3(5.5879354e-08, 0.03318272, -9.080395e-08)
bones/38/rotation = Quaternion(0.2957886, 9.469855e-08, 0.14540666, 0.94412184)
bones/38/scale = Vector3(1, 1, 0.99999994)
bones/39/name = "brow.T.L.003"
bones/39/parent = 8
bones/39/rest = Transform3D(0.15720156, -0.7909919, 0.59128636, -0.2609807, -0.6107197, -0.74760324, 0.95245844, -0.03678993, -0.3024396, 0.0215, 0.12676468, 0.12989998)
bones/39/enabled = true
bones/39/position = Vector3(0.0215, 0.12676468, 0.12989998)
bones/39/rotation = Quaternion(0.7194374, -0.36555383, 0.5364416, 0.24700318)
bones/39/scale = Vector3(1.0000001, 1.0000001, 0.99999994)
bones/40/name = "forehead.R"
bones/40/parent = 8
bones/40/rest = Transform3D(0.024978459, -0.07783194, -0.99665165, -0.36879066, -0.9273627, 0.06317794, -0.9291766, 0.3659784, -0.051867705, -0.0168, 0.18276455, 0.107799985)
bones/40/enabled = true
bones/40/position = Vector3(-0.0168, 0.18276455, 0.107799985)
bones/40/rotation = Quaternion(0.70785046, -0.15773907, -0.6801685, 0.106943645)
bones/40/scale = Vector3(0.9999998, 0.99999976, 0.9999981)
bones/41/name = "forehead.R.001"
bones/41/parent = 8
bones/41/rest = Transform3D(0.26143837, -0.19152522, -0.9460277, -0.47197413, -0.8803163, 0.047789898, -0.8419563, 0.43400654, -0.32054338, -0.0479, 0.18796493, 0.09269998)
bones/41/enabled = true
bones/41/position = Vector3(-0.0479, 0.18796493, 0.09269998)
bones/41/rotation = Quaternion(0.78458554, -0.21141714, -0.5697224, 0.12306387)
bones/41/scale = Vector3(1, 1.0000001, 1.0000001)
bones/42/name = "forehead.R.002"
bones/42/parent = 8
bones/42/rest = Transform3D(0.729295, -0.17713849, -0.6608701, -0.41494688, -0.8825059, -0.22136371, -0.5440104, 0.43566602, -0.7171097, -0.0719, 0.18406488, 0.06929999)
bones/42/enabled = true
bones/42/position = Vector3(-0.0719, 0.18406488, 0.06929999)
bones/42/rotation = Quaternion(0.9122653, -0.16225694, -0.33018947, 0.18005456)
bones/42/scale = Vector3(0.9999997, 0.99999976, 0.9999987)
bones/43/name = "temple.R"
bones/43/parent = 8
bones/43/rest = Transform3D(0.9975075, -0.06732013, 0.021438291, -0.066496335, -0.99709713, -0.037083246, 0.023872625, 0.03556495, -0.9990839, -0.0873, 0.16466476, 0.034999996)
bones/43/enabled = true
bones/43/position = Vector3(-0.0873, 0.16466476, 0.034999996)
bones/43/rotation = Quaternion(0.99920976, -0.033480473, 0.01133664, 0.018176397)
bones/43/scale = Vector3(1.0000064, 0.99999976, 1.0000017)
bones/44/name = "cheek.B.R"
bones/44/parent = 8
bones/44/rest = Transform3D(0.63368183, -0.74423635, 0.21109143, 0.16234192, 0.39472938, 0.90434164, -0.7563679, -0.5387959, 0.37095356, -0.0352, 0.022633458, 0.12469999)
bones/44/enabled = true
bones/44/position = Vector3(-0.0352, 0.022633458, 0.12469999)
bones/44/rotation = Quaternion(-0.46583232, 0.31228754, 0.29263562, 0.7744942)
bones/44/scale = Vector3(1, 1, 0.99999994)
bones/45/name = "cheek.B.R.001"
bones/45/parent = 44
bones/45/rest = Transform3D(0.9249306, 0.3596638, -0.123066664, -0.35751107, 0.7130103, -0.60316014, -0.12918708, 0.601879, 0.7880688, 6.3329935e-08, 0.051596507, -1.2293458e-07)
bones/45/enabled = true
bones/45/position = Vector3(6.3329935e-08, 0.051596507, -1.2293458e-07)
bones/45/rotation = Quaternion(0.32551938, 0.0016533143, -0.19373174, 0.92547417)
bones/45/scale = Vector3(1, 1, 0.99999994)
bones/46/name = "brow.T.R"
bones/46/parent = 8
bones/46/rest = Transform3D(0.7882614, 0.04481987, 0.613706, 0.39210153, 0.732057, -0.5570895, -0.47423655, 0.6797672, 0.5594784, -0.0848, 0.09936465, 0.06929999)
bones/46/enabled = true
bones/46/position = Vector3(-0.0848, 0.09936465, 0.06929999)
bones/46/rotation = Quaternion(0.35239393, 0.30996662, 0.0989443, 0.8774675)
bones/46/scale = Vector3(1, 0.9999998, 0.99999994)
bones/47/name = "brow.T.R.001"
bones/47/parent = 8
bones/47/rest = Transform3D(0.60860884, 0.7292957, 0.3126072, 0.15856521, 0.2742416, -0.94849813, -0.7774654, 0.62683296, 0.05126493, -0.083, 0.12876464, 0.09659999)
bones/47/enabled = true
bones/47/position = Vector3(-0.083, 0.12876464, 0.09659999)
bones/47/rotation = Quaternion(0.56637055, 0.3919081, -0.20519173, 0.6953624)
bones/47/scale = Vector3(1, 1, 1)
bones/48/name = "brow.T.R.002"
bones/48/parent = 47
bones/48/rest = Transform3D(0.95771384, 0.27456313, -0.086019434, -0.27456325, 0.78273207, -0.55852085, -0.08601908, 0.558521, 0.82501817, -5.5879354e-08, 0.03318272, -9.080395e-08)
bones/48/enabled = true
bones/48/position = Vector3(-5.5879354e-08, 0.03318272, -9.080395e-08)
bones/48/rotation = Quaternion(0.2957886, -9.469855e-08, -0.14540666, 0.94412184)
bones/48/scale = Vector3(1, 1, 0.99999994)
bones/49/name = "brow.T.R.003"
bones/49/parent = 8
bones/49/rest = Transform3D(0.15720156, 0.7909919, -0.59128636, 0.2609807, -0.6107197, -0.74760324, -0.95245844, -0.03678993, -0.3024396, -0.0215, 0.12676468, 0.12989998)
bones/49/enabled = true
bones/49/position = Vector3(-0.0215, 0.12676468, 0.12989998)
bones/49/rotation = Quaternion(0.7194374, 0.36555383, -0.5364416, 0.24700318)
bones/49/scale = Vector3(1.0000001, 1.0000001, 0.99999994)
bones/50/name = "eye.L"
bones/50/parent = 8
bones/50/rest = Transform3D(-1, -3.5527137e-15, -8.742276e-08, -8.742276e-08, 3.5762787e-07, 0.99999994, 2.4868996e-14, 0.99999994, -3.5762787e-07, 0.0516, 0.10646465, 0.09619998)
bones/50/enabled = true
bones/50/position = Vector3(0.0516, 0.10646465, 0.09619998)
bones/50/rotation = Quaternion(-3.0908613e-08, 0.7071069, 0.70710665, -3.090862e-08)
bones/50/scale = Vector3(1, 0.99999994, 0.99999994)
bones/51/name = "lid.T.L"
bones/51/parent = 50
bones/51/rest = Transform3D(0.25584278, 0.16743678, -0.9521078, -0.41948345, 0.9065606, 0.046706647, 0.8709639, 0.38744396, 0.3021739, -0.018532332, 0.0020719245, 3.085072e-06)
bones/51/enabled = true
bones/51/position = Vector3(-0.018532332, 0.0020719245, 3.085072e-06)
bones/51/rotation = Quaternion(0.10852218, -0.5806342, -0.18692952, 0.7849486)
bones/51/scale = Vector3(0.99999994, 1, 0.9999999)
bones/52/name = "lid.T.L.001"
bones/52/parent = 51
bones/52/rest = Transform3D(0.6014216, 0.1480701, 0.7850908, -0.63768727, 0.68095744, 0.3600723, -0.48129743, -0.71719754, 0.5039649, -7.264316e-08, 0.013929675, 2.142042e-08)
bones/52/enabled = true
bones/52/position = Vector3(-7.264316e-08, 0.013929675, 2.142042e-08)
bones/52/rotation = Quaternion(-0.32268378, 0.37933198, -0.23536456, 0.83461726)
bones/52/scale = Vector3(1.0000001, 1, 1.0000001)
bones/53/name = "lid.T.L.002"
bones/53/parent = 52
bones/53/rest = Transform3D(0.7597438, 0.5091327, 0.4044421, -0.63389665, 0.71846086, 0.2863375, -0.14479205, -0.4739175, 0.86858356, -5.5879354e-09, 0.015333962, 9.5460564e-08)
bones/53/enabled = true
bones/53/position = Vector3(-5.5879354e-09, 0.015333962, 9.5460564e-08)
bones/53/rotation = Quaternion(-0.20778547, 0.1501113, -0.31240162, 0.9147115)
bones/53/scale = Vector3(1.0000001, 0.99999994, 1)
bones/54/name = "lid.T.L.003"
bones/54/parent = 53
bones/54/rest = Transform3D(0.84648436, 0.026532114, 0.53175193, -0.15764095, 0.96646404, 0.20272286, -0.50854045, -0.25542766, 0.8222793, -1.3038516e-08, 0.013011927, 4.9360096e-08)
bones/54/enabled = true
bones/54/position = Vector3(-1.3038516e-08, 0.013011927, 4.9360096e-08)
bones/54/rotation = Quaternion(-0.120146856, 0.27280962, -0.048298135, 0.95331365)
bones/54/scale = Vector3(0.99999994, 1, 0.99999994)
bones/55/name = "lid.B.L"
bones/55/parent = 50
bones/55/rest = Transform3D(-0.0054700375, -0.92360085, -0.3833164, 0.9788398, 0.07346636, -0.1909855, 0.20455527, -0.37625003, 0.90365535, 0.025400005, 0.02090001, -0.005000007)
bones/55/enabled = true
bones/55/position = Vector3(0.025400005, 0.02090001, -0.005000007)
bones/55/rotation = Quaternion(-0.06597011, -0.2093329, 0.67743254, 0.70207757)
bones/55/scale = Vector3(1, 0.99999994, 0.99999994)
bones/56/name = "lid.B.L.001"
bones/56/parent = 55
bones/56/rest = Transform3D(0.981785, -0.06046326, 0.1801177, 0.11865871, 0.9355231, -0.33274114, -0.14838564, 0.3480528, 0.92565703, 1.1292286e-08, 0.013164832, -5.401671e-08)
bones/56/enabled = true
bones/56/position = Vector3(1.1292286e-08, 0.013164832, -5.401671e-08)
bones/56/rotation = Quaternion(0.17364106, 0.08378699, 0.04568626, 0.9801741)
bones/56/scale = Vector3(0.99999994, 1, 1)
bones/57/name = "lid.B.L.002"
bones/57/parent = 56
bones/57/rest = Transform3D(0.89991194, -0.37637812, 0.22022176, 0.4137196, 0.89652056, -0.15838851, -0.13781936, 0.23364586, 0.9625046, 2.9336661e-08, 0.016989663, 1.2200326e-07)
bones/57/enabled = true
bones/57/position = Vector3(2.9336661e-08, 0.016989663, 1.2200326e-07)
bones/57/rotation = Quaternion(0.101102434, 0.09233587, 0.20375971, 0.969399)
bones/57/scale = Vector3(0.99999976, 0.99999994, 0.9999998)
bones/58/name = "lid.B.L.003"
bones/58/parent = 57
bones/58/rest = Transform3D(0.55856675, -0.77151495, 0.30457827, 0.8293147, 0.5263189, -0.18768495, -0.015503541, 0.35742584, 0.9338128, 3.7252903e-09, 0.015532136, 6.891787e-08)
bones/58/enabled = true
bones/58/position = Vector3(3.7252903e-09, 0.015532136, 6.891787e-08)
bones/58/rotation = Quaternion(0.15687183, 0.09211305, 0.46068624, 0.8687201)
bones/58/scale = Vector3(1, 1.0000001, 0.99999994)
bones/59/name = "eye.R"
bones/59/parent = 8
bones/59/rest = Transform3D(-1, -3.5527137e-15, -8.742276e-08, -8.742276e-08, 3.5762787e-07, 0.99999994, 2.4868996e-14, 0.99999994, -3.5762787e-07, -0.0516, 0.10646465, 0.09619998)
bones/59/enabled = true
bones/59/position = Vector3(-0.0516, 0.10646465, 0.09619998)
bones/59/rotation = Quaternion(-3.0908613e-08, 0.7071069, 0.70710665, -3.090862e-08)
bones/59/scale = Vector3(1, 0.99999994, 0.99999994)
bones/60/name = "lid.T.R"
bones/60/parent = 59
bones/60/rest = Transform3D(0.2558432, -0.16743685, 0.9521078, 0.41948342, 0.90656054, 0.046706572, -0.87096375, 0.38744384, 0.30217436, 0.018532332, 0.0020719245, 3.0973345e-06)
bones/60/enabled = true
bones/60/position = Vector3(0.018532332, 0.0020719245, 3.0973345e-06)
bones/60/rotation = Quaternion(0.10852215, 0.5806339, 0.18692948, 0.78494877)
bones/60/scale = Vector3(1, 0.99999994, 1)
bones/61/name = "lid.T.R.001"
bones/61/parent = 60
bones/61/rest = Transform3D(0.6014216, -0.14807013, -0.7850905, 0.6376872, 0.68095744, 0.36007223, 0.48129743, -0.7171974, 0.5039649, 6.7055225e-08, 0.013929608, 3.259629e-09)
bones/61/enabled = true
bones/61/position = Vector3(6.7055225e-08, 0.013929608, 3.259629e-09)
bones/61/rotation = Quaternion(-0.32268372, -0.379332, 0.23536457, 0.83461726)
bones/61/scale = Vector3(1, 0.99999994, 0.9999999)
bones/62/name = "lid.T.R.002"
bones/62/parent = 61
bones/62/rest = Transform3D(0.75974387, -0.5091328, -0.40444192, 0.63389665, 0.71846086, 0.2863375, 0.14479193, -0.47391754, 0.8685835, -1.8626451e-09, 0.01533391, -2.2351742e-08)
bones/62/enabled = true
bones/62/position = Vector3(-1.8626451e-09, 0.01533391, -2.2351742e-08)
bones/62/rotation = Quaternion(-0.20778549, -0.15011124, 0.31240162, 0.9147115)
bones/62/scale = Vector3(1.0000001, 1, 0.9999998)
bones/63/name = "lid.T.R.003"
bones/63/parent = 62
bones/63/rest = Transform3D(0.84648454, -0.02653218, -0.53175193, 0.15764107, 0.96646404, 0.2027229, 0.5085405, -0.25542772, 0.82227933, -4.4237822e-08, 0.013011988, -5.6810677e-08)
bones/63/enabled = true
bones/63/position = Vector3(-4.4237822e-08, 0.013011988, -5.6810677e-08)
bones/63/rotation = Quaternion(-0.12014688, -0.2728096, 0.048298173, 0.95331365)
bones/63/scale = Vector3(1.0000001, 1, 1)
bones/64/name = "lid.B.R"
bones/64/parent = 59
bones/64/rest = Transform3D(-0.0054699183, 0.9236009, 0.38331628, -0.9788398, 0.07346639, -0.1909854, -0.20455517, -0.37624985, 0.90365547, -0.025400005, 0.02090001, -0.005000002)
bones/64/enabled = true
bones/64/position = Vector3(-0.025400005, 0.02090001, -0.005000002)
bones/64/rotation = Quaternion(-0.065970086, 0.20933278, -0.6774325, 0.7020776)
bones/64/scale = Vector3(1, 0.99999994, 1)
bones/65/name = "lid.B.R.001"
bones/65/parent = 64
bones/65/rest = Transform3D(0.98178494, 0.060463246, -0.18011773, -0.11865871, 0.9355231, -0.3327411, 0.14838569, 0.3480528, 0.925657, -2.6775524e-08, 0.013164767, 6.426126e-08)
bones/65/enabled = true
bones/65/position = Vector3(-2.6775524e-08, 0.013164767, 6.426126e-08)
bones/65/rotation = Quaternion(0.17364106, -0.083787, -0.04568626, 0.9801741)
bones/65/scale = Vector3(0.9999999, 1, 0.99999994)
bones/66/name = "lid.B.R.002"
bones/66/parent = 65
bones/66/rest = Transform3D(0.8999122, 0.376378, -0.22022174, -0.41371953, 0.8965206, -0.15838847, 0.13781938, 0.23364577, 0.96250474, -1.9092113e-08, 0.016989667, 9.080395e-09)
bones/66/enabled = true
bones/66/position = Vector3(-1.9092113e-08, 0.016989667, 9.080395e-09)
bones/66/rotation = Quaternion(0.101102404, -0.09233585, -0.20375964, 0.96939903)
bones/66/scale = Vector3(0.99999994, 0.99999994, 0.99999994)
bones/67/name = "lid.B.R.003"
bones/67/parent = 66
bones/67/rest = Transform3D(0.558567, 0.77151465, -0.3045781, -0.8293144, 0.526319, -0.18768509, 0.015503465, 0.3574257, 0.9338129, 2.2351742e-08, 0.015532143, 7.0314854e-08)
bones/67/enabled = true
bones/67/position = Vector3(2.2351742e-08, 0.015532143, 7.0314854e-08)
bones/67/rotation = Quaternion(0.15687181, -0.09211297, -0.46068612, 0.8687202)
bones/67/scale = Vector3(0.9999999, 0.9999999, 1)
bones/68/name = "cheek.T.L"
bones/68/parent = 8
bones/68/rest = Transform3D(0.3131463, -0.424331, -0.8496364, -0.8470897, -0.52928954, -0.047866415, -0.42939255, 0.73470765, -0.52519155, 0.0848, 0.09936465, 0.06929999)
bones/68/enabled = true
bones/68/position = Vector3(0.0848, 0.09936465, 0.06929999)
bones/68/rotation = Quaternion(0.7693549, -0.41314515, -0.41561747, 0.25429562)
bones/68/scale = Vector3(0.99999976, 0.99999976, 0.99999964)
bones/69/name = "cheek.T.L.001"
bones/69/parent = 68
bones/69/rest = Transform3D(0.3881516, -0.7916317, 0.4718662, 0.79163206, 0.024242258, -0.61051714, 0.47186553, 0.6105175, 0.63609076, 7.636845e-08, 0.066693045, -2.6077032e-08)
bones/69/enabled = true
bones/69/position = Vector3(7.636845e-08, 0.066693045, -2.6077032e-08)
bones/69/rotation = Quaternion(0.42656144, 1.9781415e-07, 0.55310416, 0.7156264)
bones/69/scale = Vector3(1, 1, 1.0000001)
bones/70/name = "cheek.T.R"
bones/70/parent = 8
bones/70/rest = Transform3D(0.3131463, 0.424331, 0.8496364, 0.8470897, -0.52928954, -0.047866415, 0.42939255, 0.73470765, -0.52519155, -0.0848, 0.09936465, 0.06929999)
bones/70/enabled = true
bones/70/position = Vector3(-0.0848, 0.09936465, 0.06929999)
bones/70/rotation = Quaternion(0.7693549, 0.41314515, 0.41561747, 0.25429562)
bones/70/scale = Vector3(0.99999976, 0.99999976, 0.99999964)
bones/71/name = "cheek.T.R.001"
bones/71/parent = 70
bones/71/rest = Transform3D(0.3881516, 0.7916317, -0.4718662, -0.79163206, 0.024242258, -0.61051714, -0.47186553, 0.6105175, 0.63609076, -7.636845e-08, 0.066693045, -2.6077032e-08)
bones/71/enabled = true
bones/71/position = Vector3(-7.636845e-08, 0.066693045, -2.6077032e-08)
bones/71/rotation = Quaternion(0.42656144, -1.9781415e-07, -0.55310416, 0.7156264)
bones/71/scale = Vector3(1, 1, 1.0000001)
bones/72/name = "teeth.T"
bones/72/parent = 8
bones/72/rest = Transform3D(1, 2.842171e-14, 1.1858461e-20, -2.5410988e-21, -3.5762787e-07, 0.99999994, 2.842171e-14, -0.99999994, -3.5762787e-07, -3.7545074e-15, 0.040100124, 0.13209999)
bones/72/enabled = true
bones/72/position = Vector3(-3.7545074e-15, 0.040100124, 0.13209999)
bones/72/rotation = Quaternion(-0.7071069, -1.0048588e-14, -1.0048594e-14, 0.70710665)
bones/72/scale = Vector3(1, 0.99999994, 0.99999994)
bones/73/name = "jaw_master"
